ID	TRAIT	ANNOT	Prop._SNPs	Prop._h2	Prop._h2_std_error	Enrichment	Enrichment_std_error	Enrichment_p	Coefficient	Coefficient_std_error	Coefficient_z.score	BIN	tau_adjusted	tau_adjusted_se	tau_adjusted_p
ALT_Liver_intensity_GROUP1	ALT	Liver_intensity_GROUP1	0.0122383918966094	0.194182326250423	0.0386870080454515	15.8666537148742	3.16111858259497	5.29603523625208e-06	3.81077028370812e-07	1.14511763784789e-07	3.32784174983977	intensity_GROUP1	3.16244593462891e-06	9.50305093649705e-07	0.000875278590354437
ALT_Liver_intensity_GROUP2	ALT	Liver_intensity_GROUP2	0.0165147415125146	0.160313611431178	0.0385503533761354	9.70730370255535	2.33429953153809	0.000371790041134531	2.42406006469629e-07	8.02890353294199e-08	3.01916700674078	intensity_GROUP2	2.01167854594932e-06	6.66299048376929e-07	0.00253457651445019
ALT_Liver_intensity_GROUP3	ALT	Liver_intensity_GROUP3	0.0173196185506879	0.0509440429707075	0.0234787075898513	2.94140675336549	1.3556134346226	0.156324254450739	8.45346837629091e-08	4.59694767449876e-08	1.83893073727724	intensity_GROUP3	7.01556260689723e-07	3.81489433568362e-07	0.0659162685693436
ALT_Liver_intensity_GROUP4	ALT	Liver_intensity_GROUP4	0.0103520137610824	0.034138414609796	0.0188601273155781	3.29775591471264	1.8218800468061	0.20752673379971	5.54137646857675e-08	5.16688953862534e-08	1.07247821482382	intensity_GROUP4	4.59870899392788e-07	4.28787513578866e-07	0.283499396998191
ALT_Liver_specificity_GROUP1	ALT	Liver_specificity_GROUP1	0.00561719625327893	0.0960348188383566	0.021502697910124	17.0965753212375	3.82801257790703	5.63966451576411e-05	2.11195986117565e-07	8.48009519877031e-08	2.49049074529482	1-2	1.75267175122088e-06	7.03742340146914e-07	0.0127562754591292
ALT_Liver_specificity_GROUP2	ALT	Liver_specificity_GROUP2	0.01373541621688	0.100311744749045	0.024302825470502	7.30314561751452	1.76935486240565	0.0004828908550769	8.72605179989118e-09	4.39101072196387e-08	0.198725358520384	3-8	7.24055851645366e-08	3.64399230038495e-07	0.842498587248497
ALT_Liver_specificity_GROUP3	ALT	Liver_specificity_GROUP3	0.0187750402228828	0.0625453731805551	0.0368784872898899	3.33130435077979	1.96422946913013	0.241298528031001	-8.67979205044087e-08	4.98695115080936e-08	-1.74050071636097	9-15	-7.20322696533657e-07	4.13854867287084e-07	0.0817677416264037
ALT_Liver_specificity_GROUP4	ALT	Liver_specificity_GROUP4	0.0138999815304373	0.0413129918542586	0.0241444153403407	2.97216163660319	1.7370106059113	0.259440946361882	-1.91809632408771e-07	6.76707639570368e-08	-2.83445348024367	16-18	-1.591809568569e-06	5.61583103377899e-07	0.00458968793393286
ALT_Liver_specificity_GROUP5	ALT	Liver_specificity_GROUP5	0.0129182932379425	0.154488609636735	0.0323671719499723	11.9589025261468	2.50553005368436	1.64961225818679e-05	-2.34395107428994e-07	9.6362447267834e-08	-2.43243207364282	19	-1.9451916010194e-06	7.99688359069162e-07	0.0149975978338033
Creatinine_Liver_intensity_GROUP1	Creatinine	Liver_intensity_GROUP1	0.0122383918966094	0.124985899306584	0.0258972176747581	10.2126080258315	2.11606376830708	1.0077844304159e-05	5.26768131686464e-07	1.40403795213576e-07	3.75180835308027	intensity_GROUP1	2.70555536979375e-06	7.21128891697872e-07	0.000175546196743589
Creatinine_Liver_intensity_GROUP2	Creatinine	Liver_intensity_GROUP2	0.0165147415125146	0.136203575190635	0.0251169130936281	8.24739370503752	1.5208783664337	5.56941106529219e-06	2.61197195537609e-07	8.53306009253495e-08	3.06100264975415	intensity_GROUP2	1.34156068877879e-06	4.38267082307907e-07	0.00220556818880533
Creatinine_Liver_intensity_GROUP3	Creatinine	Liver_intensity_GROUP3	0.0173196185506879	0.073493596758605	0.0263887799791664	4.24337271306048	1.52363517140614	0.0341539123531931	6.87820347026976e-08	8.43695320334937e-08	0.815247317898977	intensity_GROUP3	3.53276278848089e-07	4.33330929807364e-07	0.414924945975876
Creatinine_Liver_intensity_GROUP4	Creatinine	Liver_intensity_GROUP4	0.0103520137610824	0.0343676383334087	0.0146877063316098	3.31989882612128	1.41882600531572	0.104386354190474	3.30165463688797e-09	7.10400120691405e-08	0.046475986429656	intensity_GROUP4	1.69691306367826e-08	3.64869091264204e-07	0.962905797105792
Creatinine_Liver_specificity_GROUP1	Creatinine	Liver_specificity_GROUP1	0.00561719625327893	0.0619355279035859	0.015221699125012	11.0260573266302	2.70983929324645	0.000468997850490288	2.04719257975106e-07	9.6978777165643e-08	2.11096967767946	1-2	1.05145080164103e-06	4.98093359864628e-07	0.0347765021225969
Creatinine_Liver_specificity_GROUP2	Creatinine	Liver_specificity_GROUP2	0.01373541621688	0.0908870597977352	0.019974229407979	6.61698621742825	1.45421362502521	0.00013038932856611	3.57862803406196e-08	6.3239900431159e-08	0.56588135175158	3-8	1.83774701506005e-07	3.24806884597632e-07	0.571531910378453
Creatinine_Liver_specificity_GROUP3	Creatinine	Liver_specificity_GROUP3	0.0187750402228828	0.109707395813059	0.0211300216979989	5.84325756486791	1.12543150092674	3.38357701051997e-05	-2.48489326474814e-08	7.32220954376231e-08	-0.339363855936763	9-15	-1.27650748912169e-07	3.76076504558927e-07	0.734287622478775
Creatinine_Liver_specificity_GROUP4	Creatinine	Liver_specificity_GROUP4	0.0138999815304373	0.0777381834361965	0.0291414206998946	5.59268249860407	2.09650787204879	0.0299248650925291	-1.76767431668994e-07	7.910979324871e-08	-2.23445700475113	16-18	-9.07916872997257e-07	4.06316349505444e-07	0.0254497088928649
Creatinine_Liver_specificity_GROUP5	Creatinine	Liver_specificity_GROUP5	0.0129182932379425	0.0606381429046637	0.0185284405233306	4.69397479897442	1.43427929541887	0.00858727750587887	-4.94351005203292e-07	1.15554561246579e-07	-4.27807435613388	19	-2.53906599427568e-06	5.93500571374315e-07	1.88479367033302e-05
Eosino_count_Tcell_intensity_GROUP1	Eosino_count	Tcell_intensity_GROUP1	0.00777751440617504	0.182178210715293	0.0423052780172497	23.4237059812645	5.43943422125467	6.19649677035954e-05	5.0757959239869e-07	2.2279947672593e-07	2.2781902357117	intensity_GROUP1	2.69275073811891e-06	1.18196008873172e-06	0.0227141975287246
Eosino_count_Tcell_intensity_GROUP2	Eosino_count	Tcell_intensity_GROUP2	0.0055435528560805	0.115219785346651	0.0215503562782339	20.784465908045	3.88746293896993	5.35201808234094e-07	3.20752399020278e-07	1.7353224743251e-07	1.84837345084824	intensity_GROUP2	1.70155646814124e-06	9.20595477095541e-07	0.0645558386191576
Eosino_count_Tcell_intensity_GROUP3	Eosino_count	Tcell_intensity_GROUP3	0.00402304316996074	0.0656962348052137	0.0183618702078536	16.3299850460851	4.56417429098401	0.000801116459431612	1.35102042836267e-07	1.93152379613371e-07	0.699458340128649	intensity_GROUP3	7.16744015759013e-07	1.02468105895687e-06	0.484252041396452
Eosino_count_Tcell_intensity_GROUP4	Eosino_count	Tcell_intensity_GROUP4	0.00410960351837621	0.0711086023999748	0.020869534780585	17.303032295454	5.07823557364264	0.00164307695771797	1.23955588740402e-07	2.06495720598845e-07	0.600281634800596	intensity_GROUP4	6.57574221210196e-07	1.09546801378697e-06	0.548327746395052
Eosino_count_Tcell_specificity_GROUP1	Eosino_count	Tcell_specificity_GROUP1	0.00382090127104477	0.150746601919133	0.0232717614975167	39.4531528625217	6.0906471658592	1.70298207978698e-09	1.05506440797838e-06	2.10329786076498e-07	5.01623867764811	1-2	5.59714014369702e-06	1.11580788369495e-06	5.26974128634394e-07
Eosino_count_Tcell_specificity_GROUP2	Eosino_count	Tcell_specificity_GROUP2	0.0045273075252648	0.123148665643845	0.0226924112523302	27.2013034141394	5.012341469117	8.06548865017645e-07	6.04435194493191e-07	1.50323626930072e-07	4.02089283525846	3-8	3.20656885336978e-06	7.97472821910194e-07	5.79730092064294e-05
Eosino_count_Tcell_specificity_GROUP3	Eosino_count	Tcell_specificity_GROUP3	0.00417217524310289	0.0929797103763416	0.0230430356944767	22.2856675375868	5.52302680300154	0.000231285556080095	4.59024984151374e-07	2.09857344098395e-07	2.18731913397394	9-15	2.43509808222045e-06	1.11330156020369e-06	0.0287223620906304
Eosino_count_Tcell_specificity_GROUP4	Eosino_count	Tcell_specificity_GROUP4	0.00493645614887977	0.0209021552055528	0.0159174285506245	4.23424306327448	3.22446469097809	0.316473406955854	-1.50300183819877e-07	1.2390299056286e-07	-1.21304726493769	16-18	-7.97370214986886e-07	6.57310294763182e-07	0.225099094635285
Eosino_count_Tcell_specificity_GROUP5	Eosino_count	Tcell_specificity_GROUP5	0.0129182932379425	0.186535485200765	0.0435378987017099	14.4396385625378	3.37025161914069	8.2470695576726e-05	-1.36143247033675e-07	1.42847744690729e-07	-0.953065428708241	19	-7.22264416272838e-07	7.57812969181587e-07	0.340544169214685
Glucose_Pancreas_intensity_GROUP1	Glucose	Pancreas_intensity_GROUP1	0.0156488025231335	0.110164928404532	0.0444340718403557	7.03983121019493	2.8394550812862	0.0411228945382315	3.06874519176535e-07	9.05202488144423e-08	3.39012014654972	intensity_GROUP1	4.9576042352643e-06	1.46236266259196e-06	0.000698586675294011
Glucose_Pancreas_intensity_GROUP2	Glucose	Pancreas_intensity_GROUP2	0.0148813343177057	0.182578214895981	0.0516293274230138	12.2689411445283	3.46940175664125	0.00071756109433724	2.16569446231239e-07	4.96945810096459e-08	4.35800930063587	intensity_GROUP2	3.49871693195872e-06	8.02820371722874e-07	1.31237152757386e-05
Glucose_Pancreas_intensity_GROUP3	Glucose	Pancreas_intensity_GROUP3	0.0137954716524085	0.105796758975288	0.0438590798595783	7.6689483071655	3.17923743128572	0.0373590846589728	1.14945754590117e-07	4.68419445807003e-08	2.45390654933392	intensity_GROUP3	1.85696762585806e-06	7.56735776747986e-07	0.0141309157826274
Glucose_Pancreas_intensity_GROUP4	Glucose	Pancreas_intensity_GROUP4	0.00976286658349492	-0.010354900341503	0.0249411864926416	-1.06064138569803	2.55469910188132	0.424998008395417	-1.01206591346966e-08	4.00917535383502e-08	-0.252437427687358	intensity_GROUP4	-1.63509257248988e-07	6.47685840684171e-07	0.80069210327196
Glucose_Pancreas_specificity_GROUP1	Glucose	Pancreas_specificity_GROUP1	0.00710549743766271	0.147096897645538	0.0397304201883202	20.7018437394475	5.59150440020272	0.000292719728591166	1.37716760547135e-07	5.52651611732248e-08	2.49192723993822	1-2	2.22490330915913e-06	8.92813589228187e-07	0.0127021292793059
Glucose_Pancreas_specificity_GROUP2	Glucose	Pancreas_specificity_GROUP2	0.0127869429418004	0.145158339610988	0.0399836416072489	11.3520753374496	3.12691170901707	0.000801542096332961	8.07063187229586e-09	4.19503590915526e-08	0.192385286969356	3-8	1.30402294856914e-07	6.77711778538815e-07	0.847416700999839
Glucose_Pancreas_specificity_GROUP3	Glucose	Pancreas_specificity_GROUP3	0.0157672358680585	0.0903542040418177	0.0424819560960367	5.73050373558871	2.69431855091971	0.0783508267663093	-7.92914285128084e-08	3.92528904650833e-08	-2.02001502496589	9-15	-1.28095998408811e-06	6.34133933200053e-07	0.0433818435895756
Glucose_Pancreas_specificity_GROUP4	Glucose	Pancreas_specificity_GROUP4	0.0136463395792664	0.00608914200387515	0.0400202566244293	0.446210646342607	2.93267336577453	0.849433687514108	-2.15458886945247e-07	5.51089459271449e-08	-3.90968985743417	16-18	-3.48077141094327e-06	8.90289918047575e-07	9.24087035442285e-05
Glucose_Pancreas_specificity_GROUP5	Glucose	Pancreas_specificity_GROUP5	0.0129182932379425	0.00571145266217602	0.0346480357846406	0.442121304802158	2.68209082627691	0.83541000458192	-3.29350750825735e-07	8.95990029065423e-08	-3.67583053540528	19	-5.32072846262519e-06	1.44747985309438e-06	0.000237052599866423
Heel_BMD_Bone_intensity_GROUP1	Heel_BMD	Bone_intensity_GROUP1	0.0145067427324116	0.0882378320033413	0.0220912123786103	6.08253924612563	1.52282375072753	0.000524944279631683	4.26701498027877e-07	1.48554137346383e-07	2.8723636086482	intensity_GROUP1	1.57166625849823e-06	5.47160726874339e-07	0.00407362772942643
Heel_BMD_Bone_intensity_GROUP2	Heel_BMD	Bone_intensity_GROUP2	0.0230406536715427	0.145281944483054	0.0319148737194421	6.3054610582724	1.38515487339927	0.000282723389433838	2.48180289046276e-07	1.1969034079307e-07	2.07351977947285	intensity_GROUP2	9.14116226842064e-07	4.40848400711122e-07	0.0381221718679591
Heel_BMD_Bone_intensity_GROUP3	Heel_BMD	Bone_intensity_GROUP3	0.0197678001878494	0.151312422649201	0.0263389543731125	7.65448968581785	1.33241706830395	1.59588862275971e-06	2.07813319318873e-07	9.66854211013629e-08	2.1493759550471	intensity_GROUP3	7.65426952463072e-07	3.56115731496733e-07	0.0316045294076244
Heel_BMD_Bone_intensity_GROUP4	Heel_BMD	Bone_intensity_GROUP4	0.00984724614793868	0.0784653566492178	0.0280609692208352	7.96825381130977	2.84962605780999	0.0155322310367211	1.83222477328918e-07	1.2798999153471e-07	1.43153753767715	intensity_GROUP4	6.74861033159778e-07	4.71418016702431e-07	0.152271085784225
Heel_BMD_Bone_specificity_GROUP1	Heel_BMD	Bone_specificity_GROUP1	0.00699830351782263	0.0843335738718783	0.0146541141682774	12.0505739222521	2.09395236016238	7.50226488700218e-07	3.11889334941688e-07	1.19962366092547e-07	2.59989315900185	1-2	1.14876912032226e-06	4.41850335515827e-07	0.00932494336950502
Heel_BMD_Bone_specificity_GROUP2	Heel_BMD	Bone_specificity_GROUP2	0.0189396055364401	0.132446073057157	0.023893121325367	6.99307452852322	1.26154271161542	4.11493329322482e-06	2.57628544842891e-08	8.14482897981052e-08	0.31630933624451	3-8	9.48995953352739e-08	2.99993700913831e-07	0.751745495524249
Heel_BMD_Bone_specificity_GROUP3	Heel_BMD	Bone_specificity_GROUP3	0.0223828956751531	0.15579564578424	0.0361328038871997	6.96047768105297	1.6143042621295	0.000273776362668669	-3.50867467109967e-08	1.18146347669555e-07	-0.296976990005069	9-15	-1.29231646236579e-07	4.35161501545321e-07	0.766486368837224
Heel_BMD_Bone_specificity_GROUP4	Heel_BMD	Bone_specificity_GROUP4	0.0139984523143905	0.0945634674434756	0.0254641367274741	6.75528017809965	1.81906800520346	0.00160800726885163	-1.33497178583989e-07	1.30953468373747e-07	-1.01942453485067	16-18	-4.91702213195312e-07	4.82333216846212e-07	0.308001563576765
Heel_BMD_Bone_specificity_GROUP5	Heel_BMD	Bone_specificity_GROUP5	0.0129182932379425	0.0309616831566985	0.0183924400824736	2.39673171884352	1.42375155476831	0.32578455268204	-4.23277700398475e-07	1.81506149685946e-07	-2.33202952699321	19	-1.55903230775931e-06	6.68530938069782e-07	0.0196992621678572
Height_Bone_intensity_GROUP1	Height	Bone_intensity_GROUP1	0.0145067427324116	0.137588735518917	0.0172576994290467	9.48446788206358	1.18963296912193	3.59367024582425e-11	8.96683018227922e-07	1.6127529840307e-07	5.55995262204922	intensity_GROUP1	2.00511779338406e-06	3.60633493745685e-07	2.69793646655234e-08
Height_Bone_intensity_GROUP2	Height	Bone_intensity_GROUP2	0.0230406536715427	0.135089263337937	0.0194373367104579	5.86308293435202	0.84361047162758	3.9301005633063e-08	6.32101550827424e-07	1.40503401651034e-07	4.49883450079994	intensity_GROUP2	1.41346240569427e-06	3.14184708521991e-07	6.83296819497136e-06
Height_Bone_intensity_GROUP3	Height	Bone_intensity_GROUP3	0.0197678001878494	0.104043222318294	0.0198425894229346	5.26326760335458	1.00378338683994	4.79333659985405e-05	3.98453929146197e-07	1.2017171984728e-07	3.31570464043096	intensity_GROUP3	8.90996994518363e-07	2.68720303772989e-07	0.0009141258508788
Height_Bone_intensity_GROUP4	Height	Bone_intensity_GROUP4	0.00984724614793868	0.0579312498878306	0.0126456112320831	5.88298992606753	1.28417742809549	0.00020110741487867	3.42586869343733e-07	1.38373319258253e-07	2.47581593894084	intensity_GROUP4	7.66065472430451e-07	3.09421554691979e-07	0.0132938520524318
Height_Bone_specificity_GROUP1	Height	Bone_specificity_GROUP1	0.00699830351782263	0.0704650233675312	0.0103235710941833	10.0688721470964	1.47515338080039	5.26522109668394e-09	3.61338191125438e-07	1.08719244331037e-07	3.32358998030934	1-2	8.0802270480566e-07	2.43111011473697e-07	0.000888387281012224
Height_Bone_specificity_GROUP2	Height	Bone_specificity_GROUP2	0.0189396055364401	0.123730248347633	0.0211846013696089	6.53288412525664	1.11853445568596	2.11676770380146e-06	2.73311879696112e-09	9.50151828763217e-08	0.0287650743199509	3-8	6.10710262100888e-09	2.12466866896962e-07	0.97706893285037
Height_Bone_specificity_GROUP3	Height	Bone_specificity_GROUP3	0.0223828956751531	0.0832799322500072	0.0177370967627917	3.72069518880235	0.79243977277173	0.000814351496790193	-3.64543568968335e-07	1.22888494016575e-07	-2.9664581040367	9-15	-8.15166656257135e-07	2.74795380180177e-07	0.00301259695157822
Height_Bone_specificity_GROUP4	Height	Bone_specificity_GROUP4	0.0139984523143905	0.0588239363346544	0.0146607215149075	4.20217428423732	1.04731017298506	0.00245466399364436	-5.63163027064718e-07	1.58976556258631e-07	-3.54242814360965	16-18	-1.25932109140769e-06	3.55493193780481e-07	0.000396410696110995
Height_Bone_specificity_GROUP5	Height	Bone_specificity_GROUP5	0.0129182932379425	0.113352568234801	0.0168205540274364	8.77457773615724	1.30207247332276	2.00247175645232e-08	-4.935182704932e-07	1.65608036894567e-07	-2.98003816570445	19	-1.1035945174291e-06	3.70322086079084e-07	0.00288160220467943
Lymph_count_Tcell_intensity_GROUP1	Lymph_count	Tcell_intensity_GROUP1	0.00777751440617504	0.131962392824959	0.0241248292611307	16.9671679065211	3.10186879782267	8.93303491747198e-07	5.13345325072015e-07	1.58617394519412e-07	3.23637471556873	intensity_GROUP1	2.64750404299003e-06	8.18037104277524e-07	0.00121043089670125
Lymph_count_Tcell_intensity_GROUP2	Lymph_count	Tcell_intensity_GROUP2	0.0055435528560805	0.120810449148127	0.0189206138101358	21.7929642387399	3.41308440657918	1.89946888585133e-07	5.43021061066883e-07	1.48285421588289e-07	3.66199896962607	intensity_GROUP2	2.80052630883241e-06	7.64752045323824e-07	0.000250248341654281
Lymph_count_Tcell_intensity_GROUP3	Lymph_count	Tcell_intensity_GROUP3	0.00402304316996074	0.036681791736631	0.0157569278303414	9.11792148056641	3.91666884113878	0.0347586198699732	8.41840284534414e-08	1.36388224273828e-07	0.617238246935631	intensity_GROUP3	4.34192535020615e-07	7.03394658451925e-07	0.537049043489167
Lymph_count_Tcell_intensity_GROUP4	Lymph_count	Tcell_intensity_GROUP4	0.00410960351837621	0.0443515746490797	0.0181607261708898	10.7921784792038	4.41909446730897	0.0345166065664798	9.8915066630154e-08	1.58407720997636e-07	0.624433367308089	intensity_GROUP4	5.1011769614383e-07	8.16955755531902e-07	0.532356468520162
Lymph_count_Tcell_specificity_GROUP1	Lymph_count	Tcell_specificity_GROUP1	0.00382090127104477	0.0996632774977445	0.013306908156074	26.0837091638573	3.4826621291985	2.53935439958443e-10	6.48877024446917e-07	1.24347196945063e-07	5.21826820699135	1-2	3.34643329985178e-06	6.41295497395892e-07	1.80632097922933e-07
Lymph_count_Tcell_specificity_GROUP2	Lymph_count	Tcell_specificity_GROUP2	0.0045273075252648	0.0953301877644961	0.0158835124149368	21.0567069350828	3.50837939024426	1.0425876680502e-07	4.03941296946711e-07	1.20686815155764e-07	3.34702093534714	3-8	2.08323337997201e-06	6.22417819266445e-07	0.000816907658498048
Lymph_count_Tcell_specificity_GROUP3	Lymph_count	Tcell_specificity_GROUP3	0.00417217524310289	0.0633905228333042	0.0167933112566594	15.1936386032913	4.02507331982777	0.000811834504443127	2.14205201602239e-07	1.40839713031418e-07	1.52091478313688	9-15	1.10471028907079e-06	7.26352310631345e-07	0.12828456775349
Lymph_count_Tcell_specificity_GROUP4	Lymph_count	Tcell_specificity_GROUP4	0.00493645614887977	0.0424991759623986	0.0156239528347345	8.60924814900723	3.16501400266262	0.0221582348483351	-4.15139593930079e-08	1.00904675296807e-07	-0.411417600531358	16-18	-2.14119907224888e-07	5.20395437322365e-07	0.68073808270029
Lymph_count_Tcell_specificity_GROUP5	Lymph_count	Tcell_specificity_GROUP5	0.0129182932379425	0.118659138007692	0.0284908190566471	9.1853572157022	2.20546310041688	0.000233528784419458	-3.54548997006919e-07	1.14867525517368e-07	-3.0865903605916	19	-1.82849798832845e-06	5.92406010919898e-07	0.00202485592305362
MCV_Erythroid_intensity_GROUP1	MCV	Erythroid_intensity_GROUP1	0.00667403771649104	0.281644585026298	0.0399937518769843	42.2000289765183	5.99243719857362	4.0552267073079e-10	1.42701708902144e-06	2.81393895538517e-07	5.07124394539723	intensity_GROUP1	7.34438794532919e-06	1.44824444435675e-06	3.95242302525675e-07
MCV_Erythroid_intensity_GROUP2	MCV	Erythroid_intensity_GROUP2	0.00445534165419845	0.137474063808122	0.0298428706968653	30.8560093654265	6.69822272075209	1.59161925589367e-05	8.9189045418007e-07	2.6089818159687e-07	3.41853840728635	intensity_GROUP2	4.59031584981066e-06	1.34275955531071e-06	0.00062951413102648
MCV_Erythroid_intensity_GROUP3	MCV	Erythroid_intensity_GROUP3	0.00353723160210959	0.0651908661067856	0.0230424495650478	18.429911704935	6.51426091277296	0.00755748144017631	3.846928420372e-07	2.80004337149302e-07	1.37388172609654	intensity_GROUP3	1.97987526186083e-06	1.44109283144262e-06	0.169481817650816
MCV_Erythroid_intensity_GROUP4	MCV	Erythroid_intensity_GROUP4	0.00475410905832238	0.0840958738636035	0.0235984969615953	17.689092284576	4.9638106051195	0.000772136814327054	2.45905934353622e-07	1.93726252002209e-07	1.26934750356301	intensity_GROUP4	1.26564189107422e-06	9.97047102430307e-07	0.20430190457196
MCV_Erythroid_specificity_GROUP1	MCV	Erythroid_specificity_GROUP1	0.00287846709004071	0.111767881530435	0.0185992530096371	38.828959315583	6.46151316928	6.79023731651944e-08	1.00652143014817e-06	2.10375789337764e-07	4.78439764060576	1-2	5.18016010025558e-06	1.08273694975689e-06	1.71567121861258e-06
MCV_Erythroid_specificity_GROUP2	MCV	Erythroid_specificity_GROUP2	0.00360986848362877	0.132838349813812	0.0235089009427262	36.7986674351854	6.51239817997307	5.80625964896916e-07	8.9848158921586e-07	2.22978783827834e-07	4.02944878338557	3-8	4.62414508845713e-06	1.14760053436868e-06	5.5918672717687e-05
MCV_Erythroid_specificity_GROUP3	MCV	Erythroid_specificity_GROUP3	0.00354729675890209	0.0912610742990687	0.0210641890770558	25.7269353261876	5.93809610774581	7.04710542240714e-05	5.52062508005951e-07	2.34487588313913e-07	2.35433573254587	9-15	2.84125643291507e-06	1.20683267274273e-06	0.0185572021839655
MCV_Erythroid_specificity_GROUP4	MCV	Erythroid_specificity_GROUP4	0.0055373460093918	0.0652898871764904	0.0227540814213505	11.7908267003278	4.10920346728517	0.00843650591462764	5.11594240536507e-08	1.49080847303991e-07	0.34316563783228	16-18	2.63306213568282e-07	7.67271473515136e-07	0.731468942858117
MCV_Erythroid_specificity_GROUP5	MCV	Erythroid_specificity_GROUP5	0.0129182932379425	0.302203894836618	0.050789835872382	23.3934846709479	3.93162122401793	3.71455867682521e-08	-2.99041237471798e-07	2.00420363528309e-07	-1.49207012804145	19	-1.53907317157248e-06	1.03149955495784e-06	0.135679872905607
Reticulo_percentage_Erythroid_intensity_GROUP1	Reticulo_percentage	Erythroid_intensity_GROUP1	0.00667403771649104	0.135733702290007	0.0308347435289001	20.3375689583863	4.62010327761706	3.73460546868684e-05	7.62029121274009e-07	2.28757537754994e-07	3.33116507876634	intensity_GROUP1	4.16639084181697e-06	1.25072464600872e-06	0.000864781879497267
Reticulo_percentage_Erythroid_intensity_GROUP2	Reticulo_percentage	Erythroid_intensity_GROUP2	0.00445534165419845	0.121314806490517	0.0242448494621713	27.2290692625552	5.44174865676674	7.13806066407716e-06	8.26779244682294e-07	2.3157986072192e-07	3.57016902119605	intensity_GROUP2	4.52036500372756e-06	1.26615560810235e-06	0.000356777342048489
Reticulo_percentage_Erythroid_intensity_GROUP3	Reticulo_percentage	Erythroid_intensity_GROUP3	0.00353723160210959	0.0374487141851687	0.0145732267445567	10.5870122167953	4.11995265898485	0.0191119119922317	2.31061572897444e-07	1.60541184110712e-07	1.43926665408235	intensity_GROUP3	1.2632637302531e-06	8.77753877040527e-07	0.150093752331185
Reticulo_percentage_Erythroid_intensity_GROUP4	Reticulo_percentage	Erythroid_intensity_GROUP4	0.00475410905832238	0.0739591501595533	0.0221252241449592	15.5568896826384	4.65391598584125	0.00259445279582261	2.88187838811734e-07	1.83285819798357e-07	1.57234116162824	intensity_GROUP4	1.57562027069649e-06	1.00210945761814e-06	0.115880167136469
Reticulo_percentage_Erythroid_specificity_GROUP1	Reticulo_percentage	Erythroid_specificity_GROUP1	0.00287846709004071	0.123236708388649	0.0243611222504768	42.8133115765121	8.46322764459059	3.79616519185394e-06	1.08326934861576e-06	2.61080624819633e-07	4.14917556354145	1-2	5.92267185289269e-06	1.42745010836322e-06	3.33745554433009e-05
Reticulo_percentage_Erythroid_specificity_GROUP2	Reticulo_percentage	Erythroid_specificity_GROUP2	0.00360986848362877	0.0776893811013235	0.0199442750662875	21.5213882316364	5.52493121473468	0.000377306438163815	3.98307579866301e-07	1.78295154563042e-07	2.23397871267145	3-8	2.17770420048995e-06	9.74823152340304e-07	0.0254864968386471
Reticulo_percentage_Erythroid_specificity_GROUP3	Reticulo_percentage	Erythroid_specificity_GROUP3	0.00354729675890209	0.0555418610762206	0.0124434435198347	15.6575174988774	3.5078665151449	4.69607309475755e-05	2.28952736716717e-07	1.2721143727891e-07	1.79978107011511	9-15	1.25180958126791e-06	6.95524534056368e-07	0.0718911963582848
Reticulo_percentage_Erythroid_specificity_GROUP4	Reticulo_percentage	Erythroid_specificity_GROUP4	0.0055373460093918	0.0500987456332587	0.0224804328045665	9.04742913812629	4.05978473558231	0.0485294347420716	-9.5731939911934e-09	1.07854221868672e-07	-0.08876049379736	16-18	-5.23408397256888e-08	5.89689567351954e-07	0.929272655999222
Reticulo_percentage_Erythroid_specificity_GROUP5	Reticulo_percentage	Erythroid_specificity_GROUP5	0.0129182932379425	0.154438151957228	0.0310851485157096	11.9549966170164	2.40628912373726	5.48421589877e-06	-3.33682737175144e-07	1.52257690231905e-07	-2.19156573744754	19	-1.824340822802e-06	8.32464134674167e-07	0.028416005587094
